26253
26254
26297
26299
26320
26325
26327
26330
26334
26336
26372
26373
26374
26375
26379
26387
26394
26401
26406
26408
26423
26428
26429
26433
26436
26442
26445
26450
26478
26482
26483
26487
26490
26492
26501
26503
26510
26538
26547
26555
26560
26563
26569
26570
26572
26573
26574
26575
26576
26577
26586
26589
26590
26592
26595
26607
26618
26640
26665
26668
26669
26670
26673
26682
26691
26708
26775
26776
26777
26779
26781
26783
26788
26789
26790
26791
26797
26800
26802
26803
26810
26813
26814
26815
26818
26831
26851
26858
26899
26916
26919
26927
26934
26935
26936
26947
26950
26951
26952
26957
26962
26998
26999
27010
27023
27029
27048
27051
27056
27059
27060
27072
27073
27075
27082
27092
27099
27100
27113
27116
27121
27127
27134
27137
27139
27140
27141
27143
27145
27149
27150
27153
27157
27162
